96
413
169
232
233
324
493
305
294
233
223
156
178
421
233
831
310
226
187
286
448
244
133
336
267
244
262
284
239
173
242
211
109
126
379
340
188
318
102
217
133
329
327
131
224
290
330
298
128
84
123
251
240
228
558
261
244
392
240
145
333
130
341
185
327
309
180
262
80
259
106
241
455
360
119
242
121
222
292
221
250
351
168
175
294
179
181
155
247
175
199
235
150
372
242
200
205
444
196
203
232
278
205
164
221
215
297
367
301
366
137
520
185
261
267
197
458
312
112
250
404
293
128
1838
426
449
341
175
283
252
181
305
411
302
415
296
251
226
305
292
180
431
195
270
126
299
270
160
240
377
251
172
545
76
217
327
223
199
190
207
216
197
188
254
357
246
473
201
357
217
514
177
344
289
168
196
53
164
260
296
338
302
137
255
246
427
170
358
145
150
285
350
177
89
232
177
256
282
266
324
121
193
420
226
155
359
344
140
242
152
229
228
160
233
163
267
207
224
138
217
312
351
313
249
123
134
345
137
248
367
170
531
282
289
265
215
300
171
327
211
286
294
168
201
260
269
245
291
155
231
271
231
222
230
203
200
346
127
110
201
116
158
258
131
382
275
262
1426
281
173
292
154
370
206
247
296
301
170
195
504
329
302
315
162
700
269
226
163
232
272
193
154
114
204
155
349
252
192
333
211
276
319
219
430
202
177
251
101
236
270
261
259
184
229
323
210
241
265
298
156
315
151
200
281
332
273
239
205
183
179
116
139
243
394
129
298
249
1533
143
239
159
279
139
272
213
136
122
331
126
211
408
247
402
176
239
291
151
466
330
311
221
226
366
94
179
240
178
149
294
421
165
222
223
328
141
213
191
174
172
368
342
125
54
165
430
292
282
95
286
136
202
299
210
445
405
56
248
139
154
297
204
173
154
155
327
231
213
155
279
550
211
234
196
172
42
280
280
378
307
331
67
3502
203
56
485
260
250
246
231
372
82
92
152
192
243
202
324
221
228
175
217
216
222
284
270
268
276
317
312
174
202
247
279
74
299
85
337
313
290
271
145
305
251
117
79
283
157
249
277
203
133
207
371
193
241
230
205
160
284
312
337
271
298
154
1484
214
186
285
139
697
185
252
1961
106
157
188
207
212
336
197
223
230
230
241
228
298
94
126
90
367
122
151
396
197
251
130
234
88
232
319
155
103
255
219
207
329
253
264
250
259
202
92
199
207
245
202
415
125
259
128
352
237
86
96
192
194
199
239
180
199
238
272
85
396
198
186
175
276
179
336
452
153
158
234
181
277
277
395
110
261
95
225
233
87
281
151
211
213
313
308
408
153
262
249
213
380
176
201
298
267
248
147
180
345
210
196
155
210
354
189
168
159
367
141
315
316
48892
198
405
310
161
115
220
148
112
169
220
186
154
233
277
264
240
248
455
320
162
141
406
235
244
283
455
190
393
273
235
197
246
234
197
8965
226
218
108
160
271
171
283
308
169
442
233
237
256
141
260
185
349
142
208
168
215
592
166
247
178
119
297
186
152
190
189
185
258
174
286
75
179
191
260
224
243
393
221
329
284
288
290
151
117
234
319
396
167
125
463
135
145
158
556
388
72
444
109
316
245
289
282
232
228
149
195
349
179
208
167
393
233
142
317
165
318
183
243
133
78
201
215
351
179
298
271
204
297
343
384
258
147
157
192
297
266
191
196
440
196
401
453
304
155
204
376
302
362
247
294
284
267
92
308
238
222
348
317
202
181
243
291
255
132
153
257
153
264
298
404
388
59
464
242
183
230
319
197
116
134
305
205
206
319
212
553
248
375
256
255
471
215
233
287
514
214
190
127
301
374
506
232
2084
395
73
158
289
425
262
332
296
284
541
313
204
243
555
299
197
229
165
295
197
341
280
276
207
215
222
299
289
198
239
154
219
258
177
358
268
171
324
222
271
315
175
170
208
185
317
541
130
117
238
203
90
271
247
290
205
295
303
164
265
264
273
283
261
120
294
126
684
241
247
89
233
324
229
250
478
201
4707
252
79
186
239
232
318
452
286
495
295
158
182
162
189
409
328
329
194
412
267
226
192
271
419
382
178
363
208
172
241
279
87
308
249
204
100
185
300
87
289
324
185
183
204
140
602
259
192
292
335
123
338
400
142
385
354
135
267
259
561
243
118
279
228
189
270
168
332
191
321
188
311
289
195
319
190
280
280
261
143
270
278
250
241
211
398
229
319
242
247
470
249
119
154
259
220
189
259
187
328
305
247
169
122
264
577
554
208
212
235
112
230
84
493
195
371
168
362
383
327
153
213
211
181
207
385
193
332
248
233
215
333
76
115
199
127
160
303
172
248
236
55
291
265
378
242
99
161
290
236
250
219
271
301
278
483
351
256
399
199
409
360
138
122
216
221
249
114
390
168
321
187
246
122
263
275
255
44
338
206
251
250
138
280
150
166
256
377
168
81
147
166
245
516
213
204
301
264
126
237
184
300
216
140
61
145
268
247
276
76
295
36
265
229
224
437
135
344
272
142
181
219
159
187
180
195
228
294
151
276
266
220
96
295
213
301
133
207
252
257
186
365
238
92
256
442
266
432
207
175
328
269
225
235
337
130
270
137
163
195
238
434
229
569
302
257
266
149
247
212
149
369
202
213
174
394
493
107
245
187
250
78
261
343
232
215
124
167
131
281
240
209
258
261
459
319
213
111
148
170
248
161
355
311
212
231
151
182
233
240
190
195
124
183
256
231
186
257
262
220
216
397
121
95
198
315
265
252
267
237
172
159
204
187
307
138
367
176
183
201
87
321
232
309
220
160
305
229
97
130
295
196
147
274
487
226
306
179
183
384
218
161
294
194
232
192
250
262
123
47
373
216
224
201
263
186
321
212
135
244
177
399
177
357
277
305
228
557
356
459
211
193
223
390
385
134
185
243
80
223
168
73
312
236
200
290
282
154
383
281
261
332
314
191
438
75
307
226
289
417
272
300
181
157
252
303
292
343
446
248
252
165
224
108
378
252
68
97
125
398
233
115
316
301
283
179
342
188
396
198
211
279
347
384
153
161
225
175
231
107
360
402
198
396
269
163
265
109
371
134
417
188
223
152
171
185
69
124
556
187
135
328
132
247
185
196
341
221
140
206
272
197
206
196
225
337
307
80
311
306
226
300
396
502
135
278
104
284
114
138
334
202
248
187
283
176
1904
166
274
213
182
186
237
162
258
241
189
223
352
175
293
117
167
204
197
412
216
331
494
117
159
370
342
495
191
301
178
276
216
216
250
223
383
209
117
887
298
342
176
58
241
168
206
107
180
175
353
210
241
142
223
172
190
236
805
202
142
223
353
282
348
308
335
286
210
291
273
234
246
375
157
245
97
54
445
313
224
97
304
556
1124
134
150
396
305
199
542
365
336
231
191
406
172
143
249
239
83
151
271
410
275
276
193
297
368
856
222
267
145
213
150
391
280
214
528
207
88
119
259
135
158
240
288
222
229
188
235
342
380
361
208
117
294
199
198
101
281
338
203
327
250
354
130
168
225
421
251
167
212
264
202
195
151
252
52
239
201
277
274
190
187
212
252
179
303
306
247
217
221
196
177
292
131
206
1141
127
240
66
196
476
165
137
180
143
155
181
208
379
186
162
244
174
122
209
393
250
194
144
119
181
250
48
281
174
190
249
222
381
135
155
110
442
108
238
164
300
392
612
222
163
200
94
203
108
253
232
81
209
354
288
229
288
363
241
186
142
249
226
290
245
165
181
193
190
264
329
244
284
248
291
333
102
185
233
228
226
177
161
274
171
190
289
372
107
142
202
75
359
211
214
458
145
169
219
221
191
185
232
599
214
126
256
215
473
337
442
253
218
236
210
186
163
235
377
270
199
286
189
163
158
115
216
137
178
166
233
223
301
86
298
268
238
328
202
250
166
386
240
307
231
153
325
173
124
145
237
198
134
163
313
327
253
124
200
305
323
282
255
310
185
149
181
235
132
261
186
238
118
221
278
254
175
286
308
448
252
151
254
184
209
314
220
214
408
328
233
138
121
216
325
340
190
86
230
160
285
276
451
220
197
259
161
126
283
430
157
590
225
165
100
200
208
128
105
225
319
59
328
73
105
253
134
122
235
245
131
393
177
213
276
225
170
369
251
257
115
138
80
358
189
168
164
186
463
207
251
243
193
228
268
215
167
363
141
135
626
143
290
285
385
216
185
167
206
270
166
154
329
271
418
130
353
156
273
186
239
229
162
282
156
236
409
393
232
208
216
169
309
198
112
350
145
204
279
371
174
258
105
162
205
239
235
89
224
81
557
174
196
160
350
1627
134
216
320
282
645
184
229
183
210
322
146
327
171
375
203
204
191
563
303
190
287
146
422
609
185
327
224
161
306
133
107
150
242
282
268
235
96
317
202
196
64
283
130
161
231
183
142
260
239
212
330
262
223
351
260
276
208
205
282
206
384
168
232
142
238
263
113
210
198
281
367
305
269
188
385
263
349
336
110
264
181
275
352
360
230
228
181
135
135
309
169
143
187
247
318
183
173
362
191
260
204
206
322
421
112
89
410
341
216
246
352
105
221
201
312
289
512
251
228
378
123
649
314
184
414
343
195
215
311
99
415
343
231
202
438
242
151
415
132
185
170
220
324
261
250
127
345
248
202
265
191
432
217
189
248
155
147
182
179
211
309
232
412
197
206
184
208
200
327
264
330
238
415
203
331
237
172
219
297
139
197
186
124
384
281
298
382
127
231
203
378
138
129
308
382
191
197
257
161
220
196
119
108
212
132
245
193
303
313
215
317
148
254
308
260
332
163
161
281
592
226
318
166
126
176
268
531
93
129
216
229
238
359
191
258
95
365
286
128
338
161
192
370
231
488
188
108
221
163
192
291
169
334
249
133
479
203
197
218
287
431
137
112
155
225
233
273
273
291
220
262
140
78
184
125
227
273
198
256
124
166
239
249
240
235
79
369
230
293
208
314
181
188
296
361
401
160
230
241
224
145
284
166
245
261
139
180
250
104
400
267
186
261
197
183
260
187
455
287
165
221
155
364
91
88
202
246
297
213
272
295
91
222
162
332
120
244
189
241
298
265
262
225
1160
211
134
96
280
241
305
75
233
279
423
359
166
333
239
204
213
236
252
155
187
122
267
152
182
305
330
299
257
101
208
337
298
134
291
337
331
313
237
174
232
317
251
423
58
142
191
226
114
175
297
74
332
184
375
161
274
392
128
163
235
347
229
294
314
351
314
239
346
474
201
181
434
229
123
475
476
109
315
60
376
175
299
182
494
293
210
193
262
228
294
360
200
288
198
221
378
217
267
217
155
241
173
560
135
278
333
322
206
274
155
179
274
210
278
293
161
132
287
255
137
276
162
137
303
175
279
225
123
243
264
310
361
208
180
183
331
349
234
135
220
232
145
216
251
125
341
178
286
346
209
119
283
221
111
194
223
378
255
207
193
122
275
125
283
258
147
257
217
81
412
96
307
252
294
223
297
191
275
112
378
203
302
215
429
405
202
365
185
90
291
155
161
164
244
299
275
253
370
183
234
253
204
285
160
216
441
448
233
123
271
270
214
283
234
156
154
457
141
389
191
349
170
253
184
111
234
312
199
84
331
232
259
398
433
311
219
307
299
192
249
121
115
124
129
240
528
292
182
223
261
211
198
178
216
195
330
370
268
338
240
211
254
158
235
332
181
282
267
148
192
171
289
404
363
244
324
150
221
196
376
609
285
165
531
110
208
253
129
206
387
145
218
370
445
238
247
58
290
260
198
281
232
433
253
366
136
247
261
166
227
148
255
155
187
274
302
63
232
312
178
170
462
80
349
313
392
192
286
211
315
106
262
194
273
144
251
309
208
226
181
183
122
527
194
119
172
121
142
210
126
220
234
195
209
177
173
277
258
333
180
88
314
181
218
198
365
224
366
82
308
342
188
491
204
237
211
162
102
309
217
412
475
169
227
217
393
387
132
277
481
261
132
89
227
205
260
95
344
209
234
181
335
240
122
209
258
127
169
199
182
173
290
306
121
283
307
262
205
222
239
257
138
151
187
268
207
206
319
488
286
176
173
203
382
136
158
212
119
292
209
200
485
391
336
279
183
185
226
248
151
209
152
153
166
229
285
256
60
364
224
158
226
106
417
59
152
88
384
256
111
326
118
180
233
110
156
508
294
255
211
467
186
594
128
180
246
207
137
172
236
276
300
162
389
152
190
191
348
212
101
92
97
336
162
164
200
248
439
188
439
276
336
256
52
329
69
326
476
175
209
270
255
156
352
182
283
442
275
256
370
150
138
236
411
158
316
175
497
329
155
221
232
753
556
265
245
241
690
163
128
287
279
257
131
114
210
204
185
376
53
379
334
204
188
161
260
177
346
330
419
387
220
325
241
310
271
279
190
240
238
131
339
288
166
120
124
276
222
205
101
214
283
293
250
229
336
143
366
315
262
283
209
238
258
202
172
260
289
202
74
168
137
444
388
198
247
66
259
161
210
231
326
285
291
184
199
199
270
59
396
234
261
286
220
272
278
257
289
102
206
468
301
271
224
92
79
145
222
227
142
144
350
95
156
103
268
255
302
209
269
159
359
258
336
83
238
143
208
475
122
172
110
283
241
229
205
264
189
137
159
238
92
114
219
211
179
216
295
290
185
93
256
197
251
145
357
224
242
315
159
253
353
314
206
262
228
285
178
313
379
243
232
297
234
140
235
244
287
277
294
270
362
248
154
259
256
320
127
220
158
291
339
236
132
167
228
326
195
353
99
230
258
108
201
142
56
213
152
192
257
393
372
126
90
119
197
291
211
445
269
106
137
156
232
232
271
198
352
306
152
451
119
95
155
345
263
102
180
215
275
270
223
162
194
545
244
242
241
192
191
143
170
325
72
260
251
130
360
281
326
58
421
278
288
113
287
222
259
270
323
207
232
150
122
302
323
264
222
165
336
157
329
213
216
123
305
245
219
188
223
215
199
127
365
111
211
218
83
146
259
85
216
301
77
320
131
150
162
368
168
90
151
101
162
304
118
355
212
417
406
221
140
187
203
230
80
238
146
239
236
379
103
168
176
225
391
431
285
198
196
338
374
259
409
215
280
360
189
199
287
196
311
269
319
358
41
98
131
270
297
136
140
129
150
460
289
236
178
364
211
301
171
183
128
371
191
240
303
169
463
191
188
403
312
280
196
181
177
384
638
377
138
157
1287
250
98
279
231
183
474
302
296
279
316
384
125
246
266
300
225
249
125
413
245
162
302
202
343
337
199
314
137
136
263
170
152
309
291
321
299
194
244
258
235
309
134
238
281
200
479
265
301
164
332
198
109
200
210
357
116
151
290
306
116
144
214
127
131
335
122
193
99
189
295
295
274
355
430
211
255
281
374
325
203
400
331
201
295
331
52
181
270
235
184
253
197
241
512
209
104
210
154
278
233
288
288
211
276
81
239
300
320
147
134
205
322
256
264
243
173
171
197
185
96
369
159
147
347
207
256
237
201
140
208
104
337
160
106
263
169
209
380
361
194
228
152
92
223
83
366
283
321
149
210
113
297
246
187
258
106
283
237
193
338
294
274
437
188
162
266
359
184
360
280
318
295
272
194
370
227
535
156
181
252
113
152
246
148
292
198
99
190
189
287
407
191
373
132
276
278
274
278
256
145
184
266
481
268
1474
242
229
228
359
304
373
340
196
143
96
260
261
198
225
307
338
372
397
344
87
278
288
200
159
186
249
350
146
192
304
160
143
195
236
110
239
492
224
157
237
277
1448
64
326
303
321
333
211
145
252
237
215
378
246
184
221
131
236
184
340
297
159
237
271
276
228
245
182
259
141
304
345
353
244
274
253
216
253
142
171
162
240
210
83
170
438
371
178
228
320
255
149
118
200
361
133
276
244
269
223
259
115
280
216
324
209
51
115
522
303
323
353
261
223
266
109
190
382
256
205
333
385
79
303
183
220
300
117
132
373
188
286
172
216
211
267
250
210
351
248
222
290
215
65
463
242
154
220
119
269
327
294
265
133
255
202
171
273
325
166
549
199
448
169
162
199
363
166
307
313
218
157
192
128
48
155
235
327
376
322
176
198
197
335
366
93
126
440
376
99
356
200
76
238
214
188
256
306
148
255
256
219
234
227
257
246
513
324
159
318
333
305
386
456
275
133
258
302
57
158
144
255
168
167
249
593
230
161
241
280
143
161
212
210
273
225
175
376
174
345
222
223
259
122
177
146
334
355
153
560
261
174
253
249
346
276
213
231
227
187
207
109
334
275
186
299
216
97
301
348
345
260
354
149
178
288
245
209
254
220
415
261
143
119
230
268
186
113
330
297
297
239
167
184
274
140
322
136
83
123
278
369
172
178
237
263
283
206
129
270
194
268
322
326
209
225
377
276
126
197
156
878
101
249
376
444
124
101
250
96
223
189
210
159
199
92
195
140
274
141
183
290
168
94
189
308
279
204
201
229
222
100
203
311
212
321
242
120
285
143
143
214
213
132
229
488
305
168
307
198
195
324
237
222
308
263
127
263
258
327
237
402
190
224
240
344
258
145
300
323
308
247
160
243
106
118
205
367
69
388
365
201
233
463
232
329
121
103
271
133
215
288
286
221
163
280
93
309
185
309
305
407
227
260
222
245
293
308
307
224
855
229
129
291
268
436
134
260
252
304
295
208
404
132
277
247
175
170
345
288
238
240
188
325
164
373
234
408
136
334
266
195
212
189
180
233
241
187
232
287
232
149
242
356
266
545
336
64
131
203
244
250
69
191
139
223
358
107
195
97
372
106
368
143
193
201
185
281
93
227
297
215
317
226
236
270
469
393
287
308
370
289
302
333
114
256
345
245
151
104
602
303
96
403
188
1333
147
208
307
249
289
195
211
260
237
214
602
172
333
280
130
285
385
130
199
198
251
231
282
267
207
226
305
363
389
423
269
215
219
263
341
85
242
352
136
336
378
301
222
191
202
213
205
137
121
93
184
208
353
259
282
209
114
102
247
243
174
390
241
268
231
227
254
69
313
229
58
285
177
72
220
266
239
82
84
309
125
162
137
217
200
263
356
301
330
92
638
171
256
145
220
132
71
333
110
163
1010
291
353
286
135
368
287
96
98
153
346
59
268
209
305
332
268
196
254
220
119
176
211
191
206
125
278
397
215
186
314
955
256
334
347
160
238
247
194
446
214
314
270
289
230
205
214
112
139
270
330
218
127
213
231
206
156
250
159
439
211
69
166
313
216
210
186
331
245
196
262
300
348
218
193
274
264
142
220
275
123
160
112
155
351
225
167
188
414
217
275
141
1502
299
176
167
178
340
263
361
278
247
350
568
260
240
154
298
134
336
344
349
170
207
204
201
202
218
80
362
203
144
256
48389
175
269
128
359
204
113
211
197
266
231
273
160
97
135
286
416
221
75
205
328
110
160
413
114
262
185
193
202
157
375
285
319
259
285
222
152
175
241
277
192
233
276
316
309
297
417
304
302
268
222
151
307
188
296
285
255
199
206
545
196
246
362
124
206
376
329
163
283
226
215
269
128
290
190
153
109
330
194
205
235
409
1036
249
176
292
67
164
418
299
258
191
209
318
182
238
142
197
806
290
216
186
161
223
169
258
215
356
223
149
353
118
307
234
317
255
307
309
554
253
273
253
386
303
502
164
144
248
315
199
233
243
241
332
47
355
175
283
191
599
295
120
359
79
543
210
227
149
108
87
225
422
207
380
243
217
215
172
159
144
248
287
396
204
186
197
378
415
218
285
227
234
348
158
218
1410
152
205
291
161
183
418
264
292
397
284
119
228
50
205
140
242
256
174
257
153
182
272
206
223
284
526
397
227
355
566
199
160
200
178
122
210
273
239
442
340
111
147
116
224
209
281
33
268
164
200
196
618
235
239
155
341
215
169
299
153
46
285
233
233
192
200
325
191
295
269
56
219
245
183
421
183
314
348
1060
121
420
255
269
174
343
241
271
572
186
242
287
113
199
287
531
147
161
331
277
245
219
270
164
161
290
209
187
344
330
183
483
229
182
226
342
214
207
265
169
283
187
215
459
199
230
223
247
246
168
284
235
296
190
137
368
385
153
109
241
117
148
267
257
175
288
330
304
243
220
84
275
1640
279
173
299
158
211
221
214
245
289
122
129
410
324
88
304
448
429
319
119
286
435
221
321
197
320
203
111
236
251
208
178
302
233
213
151
287
188
281
375
83
140
325
129
218
210
298
224
298
281
401
348
376
308
164
402
199
126
176
343
244
105
90
245
246
360
227
176
277
341
136
221
234
268
600
180
585
342
191
178
280
84
216
167
370
320
94
324
162
224
269
290
343
191
257
257
442
418
353
394
163
325
197
262
335
185
285
279
263
340
466
280
291
301
202
94
109
261
371
227
123
183
209
209
138
141
267
79
250
130
297
203
424
61
182
259
242
95
285
428
323
123
322
70
131
184
274
143
196
90
301
217
179
371
237
349
269
311
220
152
331
517
371
206
374
153
292
368
303
241
216
130
274
338
449
204
308
310
239
181
128
208
740
384
448
196
243
232
204
251
269
166
222
284
237
291
345
93
130
342
68
555
235
279
356
515
126
195
364
174
122
328
261
252
585
199
237
338
153
177
311
436
243
249
101
101
339
144
703
164
306
409
247
174
200
326
207
181
295
429
255
440
171
578
231
289
242
150
298
441
269
328
363
5243
107
260
238
350
852
228
290
342
266
252
126
287
166
199
149
422
155
402
210
168
215
268
126
356
235
224
886
248
126
266
383
124
315
170
264
172
299
309
192
121
418
317
241
268
84
115
356
105
80
278
372
128
163
234
738
231
281
236
283
217
276
245
191
292
311
180
339
100
204
335
357
164
195
273
183
60
570
180
277
164
317
398
182
243
206
243
221
129
243
243
253
184
243
175
191
282
342
427
358
268
333
443
302
240
267
349
216
306
290
307
259
214
433
255
146
245
200
369
263
366
322
263
313
81
179
66
187
157
384
147
110
281
275
252
296
225
164
170
208
235
116
433
350
320
350
224
264
237
222
248
343
397
311
128
188
209
480
234
112
452
175
247
217
188
201
274
286
85
350
218
127
412
153
290
306
208
276
85
447
358
230
447
117
627
279
265
407
193
233
135
167
294
296
238
235
343
95
350
334
389
155
288
168
230
269
213
224
164
135
264
233
228
117
237
300
311
268
281
286
611
298
326
222
247
292
262
190
270
323
207
441
205
218
173
215
458
21010
152
243
276
253
468
239
190
201
189
83
337
141
86
67
209
206
203
312
194
207
261
170
662
320
384
240
245
364
286
171
167
263
194
209
388
175
221
269
163
240
231
193
485
281
278
99
142
293
200
234
258
126
598
235
161
345
154
236
167
131
182
220
177
156
61
394
175
101
220
365
163
194
297
178
336
247
190
309
161
290
291
156
290
214
139
497
168
269
170
403
230
163
312
151
267
252
263
228
191
231
140
228
122
229
135
189
325
153
148
90
374
417
90
284
151
153
162
360
351
68
187
178
569
275
207
285
254
168
233
281
120
71
295
184
229
258
292
222
142
205
130
255
174
176
194
197
413
201
206
179
187
609
286
204
46
110
234
312
168
259
300
345
104
59
290
185
250
282
73
294
388
266
251
208
242
173
264
174
250
243
391
185
381
327
181
152
145
175
190
267
308
159
181
278
192
296
306
259
102
287
160
377
335
177
262
129
283
255
182
273
213
285
152
206
218
262
203
340
131
142
208
180
383
162
189
189
228
225
310
243
72
393
235
197
243
160
241
383
217
210
208
224
182
209
389
192
257
296
201
72
306
361
173
255
241
138
212
272
202
206
179
367
138
258
380
206
283
180
259
247
245
256
205
434
220
381
243
95
323
91
273
180
204
321
125
163
170
148
188
197
199
298
260
250
117
308
307
220
171
211
505
251
296
290
182
140
248
238
200
165
95
223
363
77
106
217
335
221
342
181
76
283
218
344
255
124
333
180
212
255
283
182
348
200
297
207
218
233
307
293
187
270
356
416
310
184
227
151
343
661
309
393
199
320
135
289
363
252
219
272
296
191
177
263
220
269
205
246
258
213
391
112
379
182
250
247
249
368
112
244
268
366
281
212
259
407
169
167
241
478
78
178
253
224
417
192
89
153
214
186
334
218
282
115
364
360
184
137
207
393
426
227
204
291
285
352
146
181
303
349
310
355
332
237
308
404
245
217
286
431
219
128
229
440
183
418
75
160
246
211
224
291
236
164
264
88
170
226
249
214
159
504
164
168
196
356
240
247
139
99
135
351
224
132
148
288
101
178
452
268
249
238
127
206
71
294
104
178
197
300
252
139
351
392
145
258
175
159
389
229
860
384
245
384
126
266
236
141
182
206
315
292
146
368
232
273
267
336
169
323
358
201
246
302
229
324
251
932
183
223
279
233
202
127
251
228
200
196
241
325
377
170
304
388
268
130
400
246
283
351
239
349
237
163
244
87
205
244
272
193
316
279
134
236
187
386
328
145
203
284
189
269
175
180
107
115
235
395
255
415
125
655
91
143
314
216
180
213
250
147
233
153
446
143
340
90
240
377
136
275
315
371
322
159
106
201
177
259
226
191
106
387
97
232
194
258
287
240
279
268
154
260
360
281
170
96
350
139
369
147
91
118
153
269
336
243
332
344
197
74
227
440
66
249
248
234
88
263
309
325
192
359
56
251
234
380
179
333
256
243
280
129
150
387
236
249
189
333
175
141
255
138
357
211
219
258
273
248
118
131
219
135
205
257
380
60
146
254
138
263
390
396
211
333
231
195
222
407
73
242
201
309
164
333
240
229
283
117
297
164
137
275
158
110
198
542
170
213
278
171
195
140
188
290
155
371
292
209
194
178
169
125
340
207
420
202
219
189
386
200
416
194
266
317
204
243
297
238
155
281
244
298
751
181
253
86
309
447
231
247
202
308
190
210
250
302
1161
169
159
283
151
132
162
283
231
181
238
166
299
202
428
354
174
124
233
103
283
202
148
266
220
360
193
255
386
138
467
134
457
296
172
154
460
217
348
133
147
132
297
86
149
77
217
227
98
300
235
280
134
200
190
188
163
172
184
252
147
244
272
314
255
181
185
280
334
131
564
280
110
184
256
310
46
77
293
151
155
258
304
161
266
35
324
256
227
36
319
121
118
304
163
397
82
162
98
1214
298
193
258
190
251
238
253
183
181
158
351
162
117
136
273
170
186
125
248
238
3623
174
296
219
402
185
154
170
286
228
70
179
302
141
330
168
237
444
199
148
361
379
156
284
108
194
209
302
301
40
321
185
264
215
191
338
242
105
180
439
155
338
258
250
239
298
334
199
254
172
211
277
171
501
189
228
162
209
220
322
252
283
245
286
260
267
304
207
260
253
214
272
156
394
262
248
130
435
169
181
128
84
369
173
415
284
303
363
186
393
306
370
310
254
351
280
276
286
213
604
192
141
233
184
384
222
185
203
310
408
191
253
828
184
352
315
425
227
122
160
212
311
312
244
161
170
286
224
403
228
267
317
499
88
332
371
211
159
313
186
325
730
107
175
324
218
121
252
175
207
238
314
103
197
216
203
146
175
378
264
359
331
212
338
215
352
278
164
495
502
160
172
266
219
153
285
227
398
211
146
244
186
291
250
228
132
316
297
317
125
114
301
268
239
278
307
198
151
196
228
408
671
255
165
159
182
180
235
238
94
229
368
185
263
229
249
165
324
231
333
248
195
197
253
485
103
255
317
158
153
262
126
348
210
182
313
239
322
65
212
159
253
243
85
251
264
322
193
220
470
195
212
121
195
216
109
131
220
208
197
190
158
222
242
264
328
171
375
184
261
130
200
309
206
202
216
93
478
81
531
341
222
392
203
201
196
235
300
284
411
101
467
273
364
234
148
222
1542
195
264
299
265
199
324
135
357
186
246
165
179
515
187
318
200
104
250
182
1281
307
283
122
255
195
361
250
1474
220
79
214
209
250
248
110
318
330
311
199
150
152
408
429
188
268
137
375
211
166
286
140
279
363
186
303
298
425
135
264
276
305
312
224
198
167
354
240
222
208
180
227
214
202
200
98
188
338
229
373
392
87
144
217
258
242
197
206
348
174
260
196
234
73
180
179
154
230
263
243
166
340
86
235
241
376
227
241
107
223
99
290
234
219
281
289
359
304
186
285
241
261
128
223
176
291
155
131
256
112
226
278
400
354
256
108
345
161
256
331
341
173
166
205
366
1142
206
243
201
363
232
104
331
330
154
530
316
182
198
265
244
193
340
231
312
320
172
274
256
116
283
306
204
260
247
172
156
651
369
121
321
269
189
220
352
139
231
153
200
175
178
223
418
129
151
209
280
225
390
228
367
211
255
250
510
169
540
324
286
482
248
287
225
271
101
62
141
143
173
459
313
128
402
173
145
389
246
339
183
309
197
124
403
149
217
266
141
393
119
320
94
173
222
175
216
246
277
192
328
118
206
203
146
462
269
322
198
189
164
255
110
123
215
154
385
187
183
404
342
227
352
188
183
195
315
180
117
240
380
258
167
188
211
166
98
164
91
84
323
120
266
152
306
405
260
289
182
219
261
126
302
380
132
256
235
248
225
72
114
289
167
226
281
65
226
157
246
231
120
89
276
202
66
316
220
186
168
65
382
392
276
231
173
138
272
259
177
247
78
238
162
310
166
153
150
282
202
122
310
235
272
87
156
265
237
157
330
369
167
305
343
194
204
254
226
346
212
327
222
301
287
210
197
184
175
224
237
633
398
220
236
185
61
248
149
267
291
272
384
482
289
194
159
270
244
315
370
304
183
250
248
263
299
224
170
330
219
284
134
217
362
164
292
73
112
245
305
251
246
45
163
233
296
193
264
240
213
182
144
224
917
224
182
168
224
357
214
272
100
193
94
170
111
124
126
154
220
236
211
153
204
213
251
341
362
212
264
285
407
246
354
371
200
502
283
257
168
235
79
184
396
199
258
169
131
248
679
159
339
192
111
379
211
204
435
453
156
176
207
73
300
310
364
261
486
205
410
283
41
280
252
111
229
342
355
222
390
177
292
289
201
236
167
595
384
235
292
277
372
222
291
224
403
248
223
317
278
211
99
343
349
194
223
195
173
234
253
252
218
178
275
226
90
200
223
276
116
258
219
197
112
260
254
203
328
136
330
295
336
316
284
229
465
500
200
333
285
252
147
249
166
238
268
117
181
136
188
101
313
156
352
189
283
239
239
235
365
130
345
298
219
275
182
259
342
275
126
412
152
130
135
182
253
246
327
266
238
374
246
307
236
312
213
304
72
243
379
308
167
88
271
293
133
276
238
228
250
260
248
188
129
344
182
270
249
315
270
138
317
365
254
462
133
325
338
134
219
182
334
454
231
119
372
268
381
185
167
252
197
254
252
273
259
210
257
130
91
153
245
237
320
284
241
218
262
266
120
310
297
335
223
403
273
316
280
445
418
286
234
413
176
145
95
263
338
246
142
218
131
320
81
224
496
95
218
270
147
308
135
174
175
303
210
121
210
519
263
306
196
213
206
202
500
233
308
441
219
136
188
269
259
86
211
292
185
150
260
355
290
681
89
258
217
136
284
177
80
281
105
197
351
295
242
232
426
267
324
246
187
116
233
175
216
432
251
173
353
200
335
128
301
317
381
109
354
251
398
128
497
393
91
264
199
352
181
98
247
139
227
144
450
151
257
240
179
281
222
192
136
348
159
185
171
169
296
184
388
749
167
353
312
236
213
312
139
307
284
176
315
341
92
371
272
213
306
245
263
110
392
420
342
246
174
306
193
255
114
227
273
260
402
198
412
341
447
188
290
466
149
243
200
314
222
179
182
314
171
95
170
166
145
393
435
396
290
261
349
186
223
282
218
141
401
141
300
320
329
134
100
281
239
224
405
193
213
145
200
176
276
175
162
164
216
271
47
148
318
245
291
147
170
131
180
153
189
232
194
292
285
197
84
170
149
144
206
243
419
209
265
328
250
321
272
237
388
222
126
95
164
231
340
190
222
186
164
260
260
172
206
169
229
231
200
198
345
254
131
149
156
278
235
211
221
230
192
342
215
266
223
153
241
303
148
273
85
268
179
459
336
397
353
336
279
277
262
112
76
149
480
371
146
319
316
206
347
160
160
168
94
160
213
6084
212
239
214
157
65
214
137
240
194
308
212
146
316
172
412
243
249
173
414
168
255
150
262
259
244
285
457
209
76
149
185
168
234
142
283
369
325
280
296
271
131
277
82
243
217
304
359
399
178
265
258
154
421
174
261
113
212
260
137
288
287
233
154
218
141
193
205
354
295
155
115
290
184
85
318
282
472
207
210
142
273
360
237
217
276
308
269
247
159
171
200
137
150
199
162
235
128
238
161
151
289
552
123
119
266
249
261
351
267
244
535
253
117
224
58
266
122
208
375
207
211
210
324
107
270
209
126
119
245
319
179
343
329
90
357
258
215
207
76
258
176
804
188
194
251
266
99
319
339
235
90
350
85
210
243
193
167
201
177
187
272
178
111
117
274
407
291
168
146
284
164
85
195
328
302
144
193
315
221
237
302
531
151
147
214
170
3498
312
349
168
150
253
123
303
221
85
195
289
410
256
222
100
535
269
401
294
81
163
158
357
563
176
162
281
233
170
230
179
364
172
145
257
224
125
239
323
316
328
267
326
273
159
127
361
236
173
261
265
158
201
250
490
136
361
204
139
277
265
101
259
253
169
162
188
239
291
209
187
344
339
258
356
151
160
167
270
257
345
299
122
368
141
152
218
245
148
335
140
310
82
235
265
84
422
245
150
177
125
245
338
291
242
208
216
88
200
352
203
209
196
380
178
304
109
501
283
326
200
239
152
337
170
210
229
179
203
222
262
147
357
135
246
219
314
360
245
271
60
197
295
186
272
282
309
135
193
256
189
378
215
1076
235
218
219
253
257
343
199
110
206
570
315
262
141
288
325
132
349
256
178
122
321
389
257
340
894
215
193
304
291
154
418
273
148
189
233
74
500
258
219
252
197
311
196
303
207
282
244
183
210
273
255
204
242
243
182
241
290
238
254
275
81
204
295
310
308
186
401
145
136
210
212
237
191
182
212
266
276
214
269
257
309
177
295
199
124
229
280
161
389
4707
158
243
254
480
119
417
176
160
192
419
208
193
133
247
161
104
254
236
248
367
162
224
140
238
372
227
138
254
244
131
118
240
161
407
165
384
64
323
270
300
235
247
213
215
195
203
56
182
129
215
120
159
158
353
270
279
364
115
245
202
560
129
300
371
176
277
286
319
283
238
183
474
263
71
577
281
337
237
229
232
290
198
414
269
177
515
310
206
330
74
166
628
230
210
223
275
130
244
113
301
280
330
220
446
265
214
81
406
319
184
357
211
236
72
122
201
358
195
248
310
154
135
199
215
152
98
154
209
162
393
85
158
144
203
149
168
148
211
151
168
254
254
305
236
170
336
210
174
188
66
235
121
248
183
212
289
278
241
149
126
143
245
179
120
274
201
278
380
265
316
326
216
53
268
269
289
252
341
350
203
237
484
150
166
134
127
247
268
233
248
143
117
298
351
85
198
285
252
105
177
218
320
189
186
217
229
130
321
324
266
215
274
164
509
245
135
267
120
235
260
180
150
339
98
325
72
132
269
97
249
149
131
393
198
233
313
273
224
149
239
307
243
391
211
413
230
288
164
217
100
295
273
258
200
217
273
270
219
242
261
251
268
244
108
436
354
167
311
202
224
271
329
363
107
303
130
268
197
177
321
294
500
261
200
196
165
218
118
394
158
224
180
268
309
284
207
251
278
205
171
308
145
355
219
417
164
2788
226
546
176
627
260
50
268
252
288
91
270
301
334
256
318
270
241
266
290
218
336
160
145
149
490
242
364
223
287
195
237
200
293
267
176
278
153
257
193
255
259
229
345
126
281
158
220
188
204
193
108
310
219
328
249
125
413
171
197
220
254
147
130
301
180
97
238
202
279
218
179
191
197
218
375
127
400
253
153
176
220
200
306
155
105
354
205
264
80
157
251
430
358
214
239
143
102
283
178
282
195
131
183
259
189
273
180
210
305
369
120
371
337
293
341
260
114
283
268
308
149
200
178
158
241
173
205
323
320
232
195
209
177
214
330
107
365
281
225
234
210
353
241
336
232
89
227
303
376
269
262
152
279
279
279
228
166
170
47
292
217
107
284
281
197
229
307
252
206
153
101
64
247
173
306
456
118
208
294
93
460
275
114
429
168
304
246
178
161
192
186
343
202
195
346
118
284
201
308
246
354
221
277
917
237
370
179
328
477
350
254
274
232
131
195
103
539
197
360
165
288
421
278
96
395
220
180
275
210
289
153
190
296
142
474
172
173
234
253
242
160
295
139
125
124
215
207
200
292
282
298
200
191
308
128
95
81
346
278
252
153
156
272
362
373
227
202
183
277
348
146
411
278
131
434
267
168
192
476
378
275
289
190
591
88
230
232
99
195
209
87
154
218
281
398
164
322
453
209
468
251
68
347
470
211
1305
158
330
169
187
211
261
341
78
333
320
221
226
466
253
211
206
462
326
234
250
198
296
312
148
301
128
33
330
435
292
356
284
255
157
269
97
241
224
269
318
66
357
184
100
354
247
114
153
437
261
99
278
229
246
294
237
326
119
224
214
152
317
350
139
257
256
266
92
355
178
191
331
391
232
234
248
366
154
238
196
274
393
280
169
309
278
180
361
282
170
360
348
234
139
129
258
325
275
171
323
243
197
268
72
244
258
190
166
238
274
263
161
286
142
127
303
156
220
220
197
298
275
330
175
224
214
270
267
92
177
233
263
365
408
364
251
84
266
266
220
244
259
218
354
431
409
228
215
303
347
317
115
207
255
344
205
224
131
148
211
310
239
200
111
154
135
136
207
224
290
353
355
98
260
219
242
509
293
181
282
218
197
237
201
146
82
208
370
323
455
351
250
237
92
315
415
229
316
218
192
252
328
93
493
197
229
165
138
273
436
246
488
332
192
265
156
262
211
323
594
250
408
220
211
231
211
184
504
147
209
202
167
136
415
286
267
254
229
179
307
102
124
327
287
287
217
435
217
155
311
196
195
220
366
347
216
212
166
205
261
200
281
326
101
188
271
248
177
254
150
204
167
162
414
221
317
255
145
360
348
241
417
185
236
131
287
188
190
180
412
285
233
292
213
295
204
290
182
191
132
257
112
292
301
210
177
328
122
272
311
408
190
262
263
331
428
194
121
174
365
114
395
231
319
438
278
158
347
205
408
427
312
219
130
219
288
169
244
111
223
191
240
191
219
142
123
196
376
331
284
203
188
245
184
105
239
310
214
425
222
171
296
442
320
180
203
273
268
172
312
345
279
238
299
137
277
96
125
218
315
291
289
85
397
152
188
195
284
226
192
85
410
231
110
159
459
134
146
314
148
292
251
365
225
124
134
197
191
163
163
310
233
139
164
152
174
233
135
321
281
174
217
385
155
269
807
503
331
255
296
106
198
259
155
203
169
174
149
378
100
279
287
183
389
300
130
199
459
283
386
198
80
180
394
157
178
109
339
198
441
110
201
315
164
260
434
121
200
271
160
329
136
374
254
162
191
229
249
208
273
190
281
228
284
345
284
198
233
219
251
179
301
203
177
201
127
97
76
354
253
129
237
75
167
199
136
428
148
146
148
242
225
316
497
247
183
163
368
443
407
203
1160
323
365
189
202
406
117
159
134
159
255
903
141
384
95
263
153
199
316
172
142
242
215
226
168
286
265
324
192
184
389
288
815
355
585
202
325
272
270
122
270
103
226
348
171
260
238
266
198
345
419
211
237
277
257
362
163
189
134
194
316
216
432
127
252
93
234
287
356
178
227
411
617
248
402
128
236
236
213
239
365
400
155
268
395
339
223
250
245
214
213
375
219
92
293
374
275
294
223
151
220
142
344
137
183
349
151
282
180
287
270
206
246
247
261
322
219
180
152
205
268
262
198
158
234
1333
166
225
221
358
260
202
356
208
92
146
144
208
204
184
301
283
229
222
186
324
244
259
280
153
129
417
224
224
355
321
94
239
285
253
384
144
130
143
237
189
311
402
334
284
273
314
227
347
226
294
335
307
138
238
213
563
257
276
247
389
289
307
250
255
256
168
330
320
114
93
272
133
223
118
202
172
72
247
130
316
175
241
394
219
308
263
141
270
346
110
362
263
202
187
109
158
257
238
256
173
139
148
263
183
197
129
135
148
87
66
196
207
108
123
111
202
335
292
262
275
212
350
265
211
275
164
537
190
227
259
296
205
274
237
224
110
104
338
273
210
281
279
205
576
151
235
212
125
63
190
269
274
357
163
450
111
220
221
132
499
141
354
207
413
1618
168
209
130
283
242
297
169
256
227
224
219
305
171
297
168
491
176
305
98
416
139
184
560
134
168
356
303
279
224
187
267
348
383
209
75
218
168
284
282
171
248
125
200
290
207
239
139
141
156
373
172
358
335
219
169
207
286
203
201
145
151
204
490
170
228
219
333
268
175
131
385
275
138
195
262
155
125
225
349
194
79
322
78
263
3180
138
189
321
312
284
251
196
284
181
254
164
188
214
197
234
357
184
275
194
185
217
134
103
269
178
180
242
336
121
306
356
104
137
490
83
157
360
240
123
104
412
197
322
322
247
214
145
180
344
253
115
320
176
167
323
237
375
239
288
257
165
377
241
137
209
75
210
265
46
210
1365
127
138
330
591
342
435
168
269
321
353
109
89
324
269
307
339
332
149
178
213
329
259
248
220
366
205
74
351
230
281
233
335
244
264
160
191
138
243
331
134
60
235
222
324
189
356
256
303
353
222
448
134
247
225
138
242
119
159
199
261
152
412
288
227
296
146
267
324
286
144
262
300
439
125
138
673
201
279
219
176
306
147
493
75
263
450
124
108
327
71
162
244
199
199
318
172
196
286
373
148
353
158
152
212
241
56
187
337
185
272
109
126
327
68
313
325
182
204
122
203
204
221
264
319
474
340
191
228
197
123
141
234
179
195
237
186
357
101
325
266
316
185
105
335
201
249
228
225
157
170
326
225
194
115
156
404
160
223
327
177
176
319
141
286
231
124
219
302
150
216
294
234
234
261
302
182
276
256
270
391
258
253
332
256
178
217
401
244
359
180
108
394
350
285
300
80
188
156
291
352
146
374
174
194
304
127
215
259
312
440
292
280
233
213
165
160
228
390
266
323
100
288
237
110
114
253
292
368
379
421
160
230
118
266
301
126
281
333
220
220
271
162
221
155
258
347
516
401
118
304
306
315
192
52
147
220
236
149
288
177
185
301
239
230
63
224
160
266
209
480
319
107
217
224
146
153
215
188
198
241
305
253
201
224
224
189
188
265
303
291
164
138
204
243
158
139
353
301
308
304
221
262
254
383
273
238
194
116
312
251
411
200
230
172
320
140
188
155
363
307
102
122
92
117
201
319
317
284
361
257
148
258
211
281
262
245
372
249
222
273
374
272
256
225
594
277
385
271
190
78
157
276
400
121
409
99
422
341
182
159
254
184
174
245
431
311
147
316
204
355
318
221
217
334
304
119
279
194
279
211
181
94
262
397
205
351
308
231
313
237
245
250
318
292
314
154
199
485
202
215
218
333
278
127
179
246
405
83
338
196
269
230
63
226
263
198
390
219
247
176
181
75
323
160
202
172
419
281
128
300
161
217
142
220
180
265
208
122
562
151
97
143
172
210
296
176
222
351
218
259
362
343
213
111
246
266
376
294
113
369
402
147
265
407
241
201
314
232
198
129
207
194
518
241
362
243
189
419
87
198
271
265
170
187
259
129
65
130
132
54
232
350
269
281
253
388
422
258
258
143
155
209
143
134
252
140
236
330
345
389
128
223
146
168
274
350
169
409
184
356
263
108
313
90
217
319
292
519
291
215
236
262
339
133
182
283
91
343
368
198
136
198
217
195
417
299
326
247
224
226
484
236
215
291
266
367
263
312
338
151
211
1190
213
230
140
236
337
325
327
180
347
326
366
254
324
288
201
323
134
229
366
199
114
204
210
116
332
68
213
292
202
270
294
114
313
474
571
186
273
352
251
147
232
164
179
107
84
147
129
266
127
238
440
209
279
106
442
343
306
272
261
251
242
256
322
364
174
123
92
505
218
207
244
229
270
356
338
242
270
195
325
249
199
357
270
166
202
340
89
332
137
232
107
450
439
371
444
91
170
213
198
111
341
357
195
385
273
356
233
152
328
206
239
359
166
323
246
390
364
476
279
157
390
264
269
340
166
134
283
317
100
186
160
511
126
295
228
240
289
170
355
193
204
307
281
244
101
129
228
381
127
195
476
432
126
116
282
210
207
246
161
243
372
297
148
185
190
615
221
296
329
165
284
328
251
127
222
264
261
422
277
211
189
254
241
287
202
187
423
185
230
250
155
369
141
148
225
387
253
191
190
172
360
332
235
353
244
436
223
152
221
160
155
413
324
246
357
186
279
368
238
319
152
150
215
461
346
302
122
206
271
199
207
293
297
327
283
160
196
435
293
199
247
97
164
300
276
141
168
184
233
299
167
359
251
256
186
171
148
275
191
248
272
241
337
256
107
144
242
258
347
293
519
275
310
115
289
212
281
246
287
129
119
72
220
226
295
309
187
229
367
263
294
245
297
457
258
193
255
379
91
329
220
178
242
141
270
214
227
298
117
183
304
179
213
187
277
69
221
263
587
211
239
265
271
311
220
277
214
387
634
111
297
230
177
459
416
327
345
186
336
182
273
82
116
278
120
179
213
259
273
228
394
245
272
237
229
823
221
359
181
200
314
281
257
156
358
156
376
247
197
166
194
395
279
253
205
292
310
265
262
246
266
128
131
385
262
279
133
312
191
345
203
112
189
212
258
205
286
129
82
307
349
204
313
186
154
221
91
237
219
390
236
177
248
287
186
261
298
154
95
233
85
244
1136
199
222
158
86
148
210
854
217
118
163
212
271
306
213
257
228
318
202
155
176
132
169
320
412
241
362
204
54
270
211
193
123
169
110
284
255
189
215
229
598
232
184
166
263
196
242
75
256
234
302
286
152
289
257
105
205
184
246
323
152
234
164
256
135
215
286
69
180
283
208
241
