103
531
321
386
401
539
491
311
283
407
232
156
187
515
244
899
434
305
241
348
382
253
144
507
288
346
326
486
424
190
262
444
113
137
584
411
204
341
86
297
167
526
424
140
288
363
399
353
141
84
116
349
509
417
937
559
325
857
446
133
493
335
421
205
415
591
1736
333
80
470
115
258
491
552
104
306
125
288
561
269
269
455
222
186
434
343
324
173
265
302
205
278
277
541
281
245
223
566
366
228
306
508
260
187
224
223
627
393
498
424
142
494
255
363
475
341
535
340
238
408
607
514
142
326
274
437
321
258
311
283
321
452
558
710
537
302
368
256
326
393
450
598
205
369
132
500
278
179
296
452
271
166
769
92
398
561
243
276
182
448
215
208
331
311
865
388
687
405
476
325
283
250
618
316
234
206
48
177
503
332
596
481
150
435
513
586
429
539
233
154
352
561
193
93
267
448
688
651
263
379
129
296
597
554
148
515
525
153
236
187
249
325
168
365
186
339
216
314
151
349
585
691
535
515
125
147
629
138
392
649
231
635
424
417
486
198
519
226
584
375
452
408
373
284
311
506
330
365
410
231
640
318
463
329
316
346
439
139
120
250
130
231
368
129
587
365
543
411
311
308
305
226
458
286
270
390
408
179
202
635
396
468
440
210
310
537
259
165
397
435
320
279
110
217
154
503
263
237
732
252
401
517
382
694
215
190
302
90
293
515
445
487
252
387
241
360
260
413
330
162
468
136
347
260
443
469
266
225
180
391
95
187
289
415
123
245
307
234
161
325
148
340
138
317
220
133
126
359
212
258
639
487
449
408
253
250
132
660
427
532
268
240
422
97
192
313
214
260
447
627
217
242
254
463
158
406
542
321
191
367
490
158
44
177
194
457
320
79
305
142
363
471
237
692
387
66
245
259
166
493
199
238
281
160
619
300
225
167
445
746
281
428
219
181
47
521
495
160
552
503
74
307
370
51
514
303
385
418
380
525
92
96
275
217
388
284
692
245
210
189
295
458
244
407
330
317
338
514
333
188
401
312
387
80
298
77
434
481
532
347
143
403
388
229
93
296
173
295
528
194
149
417
289
315
263
324
357
166
295
429
704
546
523
342
210
322
198
677
157
336
289
273
680
109
181
387
227
300
506
221
220
311
228
278
277
374
92
227
82
389
118
144
522
464
491
139
354
93
277
552
247
203
442
311
432
361
377
396
261
259
391
89
241
325
370
221
910
131
259
112
420
326
85
101
226
210
330
290
225
419
295
478
93
458
183
262
383
361
261
643
408
180
154
370
282
384
292
512
147
302
294
210
313
92
399
269
226
435
341
545
120
144
260
314
238
599
238
437
354
387
315
154
189
591
486
194
273
208
479
253
180
162
69
141
478
476
48892
214
467
467
174
117
376
212
119
171
446
192
200
250
391
431
249
314
445
372
314
158
566
252
443
382
555
178
476
329
321
246
437
78
219
224
433
252
103
168
312
262
668
564
153
524
538
429
279
159
509
430
583
126
355
205
236
825
364
309
459
117
381
286
156
263
432
215
306
180
310
176
241
200
371
555
317
464
233
446
417
576
386
158
127
256
328
478
362
123
829
195
337
135
481
616
82
599
110
443
397
328
110
712
254
146
369
484
194
211
184
519
244
317
552
235
362
197
361
144
83
395
303
424
244
338
492
210
450
458
432
435
138
238
211
279
456
189
372
637
267
970
625
510
186
214
376
262
230
317
338
412
342
100
378
343
282
541
416
536
189
259
528
267
137
257
334
155
265
489
397
194
64
628
461
312
550
376
463
114
282
344
402
328
570
286
709
493
532
313
456
581
287
258
392
317
399
223
131
567
276
585
568
726
420
83
407
130
698
108
440
400
362
750
316
327
359
316
365
197
260
279
503
479
573
83
390
506
235
251
328
378
379
326
221
435
349
185
400
307
201
513
350
97
428
365
196
283
226
579
557
265
123
377
221
88
284
495
466
306
410
486
291
499
333
341
308
389
106
326
233
240
257
335
88
448
308
469
261
99
184
77
535
86
186
351
526
504
557
421
908
442
214
215
175
365
792
611
378
415
775
374
415
220
502
672
693
229
646
307
179
357
296
90
316
375
221
93
209
469
96
338
522
174
229
215
151
81
393
198
543
385
167
374
443
145
326
87
140
322
333
643
247
313
160
417
191
266
193
601
238
407
210
517
430
92
449
378
206
502
362
103
397
310
473
429
255
421
272
506
403
516
665
463
97
158
536
233
431
271
189
311
476
339
178
131
115
894
669
260
214
258
117
289
90
80
530
866
188
474
442
601
130
297
296
201
227
343
215
597
485
248
507
555
83
118
262
130
544
379
178
269
244
51
327
475
591
308
70
166
291
242
459
485
314
621
330
516
435
301
613
203
627
522
140
373
53
243
366
125
595
177
372
206
296
119
318
497
264
53
720
381
335
272
225
494
149
287
275
460
174
77
141
202
423
606
224
268
380
298
135
330
391
494
283
138
68
158
325
324
498
62
322
56
477
307
356
567
140
376
329
102
436
218
172
484
195
227
639
314
217
297
399
256
97
413
249
467
148
225
261
443
338
391
312
208
295
500
403
440
275
403
801
455
391
350
534
313
391
413
211
233
456
478
428
236
473
541
310
168
518
255
351
123
386
331
388
624
545
92
399
352
269
86
500
393
448
523
133
266
116
309
329
289
429
280
489
593
287
195
172
490
502
201
629
395
485
412
148
257
500
283
259
204
119
321
275
274
271
511
353
239
304
522
113
92
330
320
393
263
325
331
189
164
364
199
619
119
463
189
197
221
95
614
444
402
484
319
400
341
97
119
427
445
156
389
565
265
411
275
239
610
291
173
438
309
271
280
273
508
133
168
430
406
288
206
541
276
342
198
136
257
173
191
215
275
532
405
242
79
535
899
236
231
240
450
503
281
545
294
91
351
145
81
376
253
206
296
538
171
585
289
284
432
482
205
593
882
369
247
453
722
427
552
173
210
465
428
465
392
660
564
276
183
392
125
656
351
89
106
132
564
448
132
387
588
428
177
628
344
371
283
248
407
768
534
182
181
373
162
288
146
584
562
270
435
464
232
406
118
502
155
431
338
453
156
187
216
78
134
377
215
346
523
197
387
293
228
168
286
244
211
353
210
193
183
214
404
492
47
555
498
242
327
690
421
151
427
97
316
148
131
484
282
244
313
288
184
823
164
429
424
352
369
161
190
429
264
283
354
476
176
702
178
196
219
238
620
212
316
334
318
252
569
524
676
474
323
178
284
448
455
403
246
484
255
123
790
335
435
174
50
432
170
235
154
343
374
547
232
287
153
317
291
182
329
398
373
140
232
281
328
215
350
449
539
362
697
592
365
403
573
144
265
98
59
257
561
240
108
353
431
266
151
269
601
418
212
109
492
183
463
212
307
317
226
239
494
86
219
628
546
424
123
278
413
797
731
387
473
160
291
144
505
429
226
736
448
78
125
467
153
295
311
468
217
250
208
417
450
588
486
224
125
410
411
253
118
458
443
278
573
369
788
168
186
368
603
369
162
497
499
430
215
252
265
44
542
224
499
434
255
181
294
290
487
461
337
264
410
286
239
394
350
144
397
387
253
445
70
493
549
157
148
255
294
161
225
231
535
215
189
249
451
255
291
376
309
292
195
128
221
472
57
381
267
273
326
429
810
152
216
102
579
111
235
171
399
389
915
355
498
225
89
220
115
279
240
84
265
416
335
383
359
426
268
713
158
471
299
302
353
166
193
387
264
297
472
462
677
415
525
397
78
245
292
349
397
200
187
321
175
361
399
452
118
151
213
83
650
515
345
358
271
182
277
310
355
190
392
535
288
127
265
450
201
459
631
294
227
375
409
252
202
432
601
527
214
304
265
206
148
106
264
139
203
178
242
447
552
89
452
693
457
458
385
374
177
263
371
529
361
245
684
255
137
139
231
239
401
236
579
874
365
119
265
700
339
308
405
622
263
215
471
358
127
429
238
287
125
253
399
316
188
307
133
374
268
266
455
316
225
351
400
362
579
266
237
160
125
104
410
398
205
73
417
245
443
489
459
231
347
321
163
220
590
498
189
744
1475
382
134
221
236
128
164
469
333
54
551
83
126
279
277
143
282
234
142
999
210
239
403
252
207
437
337
405
121
267
80
468
304
293
163
258
167
215
383
279
193
291
446
324
163
562
170
132
292
142
576
326
298
244
252
240
249
353
181
157
417
331
463
135
463
205
400
216
281
456
184
382
248
0
212
563
382
227
210
182
403
212
170
462
142
438
474
684
227
332
271
177
445
251
384
88
358
69
436
197
212
141
406
670
136
453
490
412
398
386
585
398
308
552
147
574
221
372
394
254
403
837
335
241
448
173
448
123
213
331
353
364
414
142
116
159
291
377
337
479
91
376
225
288
73
330
149
214
301
269
161
299
303
218
484
336
379
357
787
295
219
339
499
341
592
167
377
160
384
465
116
232
215
356
402
483
450
200
303
293
378
408
103
414
270
324
465
716
320
444
202
139
227
491
182
128
273
265
436
311
237
745
218
379
311
86
529
221
129
68
690
411
407
446
356
124
318
227
333
313
531
278
287
307
114
433
328
229
308
512
219
225
468
97
633
452
477
550
551
250
160
390
129
381
201
260
399
297
288
118
452
275
212
283
221
592
284
201
337
121
406
227
334
283
519
294
437
192
357
447
224
263
461
434
510
349
542
315
440
364
260
222
343
228
431
329
137
653
343
409
412
151
426
230
528
141
119
497
418
339
410
301
167
239
282
111
307
235
100
518
201
322
437
305
391
193
272
446
428
507
272
260
332
154
261
300
157
206
189
375
630
96
137
466
409
377
610
203
313
106
445
401
126
468
200
339
194
457
619
204
97
207
179
272
373
298
334
427
354
375
277
274
240
413
741
126
254
331
216
316
287
443
399
243
316
139
83
250
136
279
460
212
484
132
189
416
309
254
339
88
602
443
541
270
344
324
187
571
686
478
177
460
444
242
214
323
167
463
437
203
220
264
110
368
370
191
431
474
250
343
311
557
338
177
362
234
424
102
95
218
460
511
227
439
401
96
397
206
344
117
597
245
387
473
361
378
277
390
356
155
110
351
375
744
82
202
366
423
634
189
560
262
485
544
396
497
185
419
141
301
163
277
524
441
562
307
108
457
359
502
173
523
425
492
409
354
180
251
527
279
475
61
155
212
304
143
172
338
83
557
254
528
212
456
498
142
166
337
559
235
437
331
529
381
651
504
645
225
435
523
257
126
527
495
215
374
67
428
192
442
245
414
309
358
196
169
328
349
395
284
489
218
281
305
360
349
254
302
881
452
545
143
301
524
449
318
287
169
309
481
403
297
533
167
137
338
300
177
463
178
120
371
205
298
526
165
365
467
415
213
189
342
207
229
482
363
159
225
453
143
338
394
101
424
193
465
644
227
124
456
443
125
201
254
516
286
303
174
110
628
121
459
541
168
278
349
94
554
91
409
353
391
266
397
176
444
135
731
208
573
485
595
535
205
606
205
95
416
282
413
162
371
478
573
634
370
389
254
55
272
310
349
390
924
438
245
120
322
505
338
423
199
253
158
725
157
76
295
739
184
298
424
114
484
347
220
91
346
608
569
681
464
325
311
481
468
282
379
123
164
136
234
273
524
485
200
231
281
208
215
342
311
285
477
593
407
468
277
517
459
165
319
472
191
341
287
153
214
170
402
531
227
303
367
422
227
375
575
339
415
148
193
119
372
509
130
376
535
169
403
336
618
397
264
107
497
457
376
478
233
359
390
457
151
302
470
152
355
149
547
145
316
430
484
71
285
556
308
238
1151
87
430
582
621
203
398
217
585
104
474
246
501
152
509
434
784
396
248
419
113
626
219
119
242
136
146
437
135
284
256
371
290
202
184
472
570
434
311
96
459
167
225
213
469
271
435
90
340
155
208
538
260
572
231
226
132
465
381
442
637
195
433
298
585
453
132
512
599
400
133
92
230
233
554
100
672
295
570
180
462
220
120
353
347
290
269
360
200
186
310
488
131
474
594
469
282
380
246
284
133
180
207
353
203
368
376
511
317
190
360
220
684
244
173
364
133
299
222
222
693
491
373
292
2278
314
297
350
188
320
159
159
177
418
373
365
71
400
336
167
478
116
851
61
159
76
416
338
120
363
146
197
236
142
157
656
370
404
357
618
297
764
151
188
517
309
183
171
249
371
391
287
746
155
213
207
519
291
159
113
91
577
202
216
433
543
520
223
452
476
638
337
56
382
76
517
558
166
230
492
574
162
400
296
635
477
446
353
389
270
121
376
761
225
123
165
760
439
172
304
483
512
729
425
358
258
229
178
140
309
309
251
142
113
302
378
203
483
51
460
536
378
243
167
411
355
769
502
874
489
239
351
380
532
516
300
336
292
404
168
526
288
185
128
132
416
406
243
111
407
95
323
411
385
499
153
383
434
484
686
258
252
312
223
255
286
636
207
69
233
259
616
336
332
260
68
585
280
455
310
441
356
312
189
0
254
475
63
378
305
309
300
202
331
385
385
324
95
235
327
294
319
250
107
86
169
232
470
138
157
737
102
200
104
308
253
428
484
356
248
629
374
532
80
438
144
386
684
147
185
98
374
262
428
242
307
226
145
412
280
198
125
251
218
335
221
325
667
223
93
334
214
410
178
571
246
532
523
178
415
255
586
227
367
421
696
297
663
539
393
518
393
371
160
248
399
419
720
554
436
599
477
245
289
289
627
136
270
174
618
603
323
149
221
356
406
214
571
114
327
389
121
242
145
58
343
312
262
375
505
615
130
96
123
219
413
474
314
700
117
144
175
312
67
320
302
511
409
251
729
117
91
207
670
564
101
340
230
386
447
352
160
324
709
282
285
226
194
183
203
183
478
82
400
250
140
497
415
361
134
613
547
386
121
368
499
417
308
330
230
322
140
118
333
474
330
463
150
397
307
460
301
225
136
458
388
235
203
241
396
320
134
543
123
309
291
88
187
304
84
442
413
85
380
333
173
186
444
191
85
251
93
218
468
133
515
220
367
457
287
150
275
203
346
73
257
182
401
301
580
95
182
206
246
186
556
381
313
220
366
664
292
588
497
501
530
198
218
360
201
504
435
402
512
49
108
145
509
324
151
158
123
163
587
326
268
196
420
361
748
181
197
123
237
332
435
409
365
560
222
209
327
322
294
201
176
193
151
736
392
242
373
855
390
113
384
279
201
667
469
512
490
395
819
146
421
357
508
258
248
101
601
255
294
555
298
363
321
233
457
174
204
284
174
266
594
679
469
582
426
369
277
329
328
136
431
412
295
432
719
388
190
534
250
124
293
334
378
127
140
405
446
127
610
242
131
136
504
134
195
99
239
318
672
307
510
861
431
313
324
340
394
423
534
381
268
1236
569
52
209
420
247
272
335
325
436
159
348
102
231
199
314
419
392
623
396
443
94
355
550
221
150
144
375
571
296
419
284
178
482
462
210
94
534
160
185
439
298
771
422
259
322
414
113
419
168
117
474
207
279
473
713
237
312
153
104
276
93
548
369
343
223
327
122
488
472
347
402
70
332
268
195
460
340
412
788
430
202
622
795
253
475
375
456
513
314
217
596
248
302
196
192
363
128
152
244
390
473
308
139
255
363
598
561
375
465
145
439
347
596
533
434
173
208
436
568
377
936
415
412
521
468
321
302
417
208
156
105
289
343
200
252
446
513
643
440
460
99
300
436
288
152
201
493
562
202
200
579
385
259
197
267
114
231
147
262
166
514
546
1218
73
512
310
454
662
222
122
282
271
482
436
776
439
241
178
263
348
866
670
184
276
446
346
242
273
213
282
145
481
608
441
445
381
316
232
300
141
230
183
257
242
89
167
164
450
415
294
452
466
378
122
379
450
233
322
425
348
274
669
123
463
240
420
351
58
124
196
491
354
556
355
263
484
109
299
405
360
334
414
719
79
301
458
476
473
121
137
451
286
489
237
241
350
483
511
319
160
301
344
438
591
73
634
299
133
492
187
430
340
332
654
200
275
213
183
306
511
178
608
205
390
186
452
200
399
192
362
371
316
175
199
114
55
171
440
578
457
462
227
211
271
546
473
100
159
229
731
108
109
695
73
374
501
429
340
469
299
307
526
243
473
296
290
255
250
356
348
449
355
502
276
967
399
142
390
538
51
172
136
508
161
207
406
677
541
301
324
453
144
170
429
516
303
375
185
410
427
526
294
506
262
131
204
182
482
650
157
454
436
300
364
282
704
346
236
285
340
215
235
125
525
430
462
366
427
105
464
429
369
574
498
163
189
521
51
262
515
239
665
533
155
103
327
231
251
471
472
407
312
281
532
257
514
260
678
325
70
148
588
719
278
249
275
442
381
446
116
605
241
362
536
441
382
406
513
377
136
231
255
556
102
333
639
391
138
108
345
88
356
208
231
374
246
95
203
183
522
165
295
460
165
104
274
597
371
477
489
236
404
84
213
364
248
570
474
131
424
142
136
315
226
136
278
969
369
245
328
197
471
417
494
247
404
361
129
347
314
368
239
479
271
313
333
617
459
156
307
376
417
530
227
495
115
107
214
458
74
429
542
195
378
602
543
571
120
89
270
122
205
450
317
344
163
318
80
516
213
422
401
0
251
407
466
355
562
410
623
230
487
294
189
531
445
259
134
344
251
471
584
381
358
137
409
338
301
188
601
294
323
427
243
546
196
295
241
480
231
472
572
312
459
287
196
257
421
216
234
363
257
167
255
167
290
613
552
73
275
296
282
282
79
238
137
253
457
115
229
146
647
91
392
298
262
214
180
322
87
364
495
401
518
387
430
355
505
573
413
878
515
428
423
574
138
300
616
246
215
109
837
378
85
502
209
426
169
340
387
488
278
391
433
354
514
248
881
178
368
446
167
297
572
115
284
346
311
235
282
465
238
250
405
895
417
471
463
258
287
373
452
97
376
646
215
612
400
507
494
198
278
314
384
145
394
65
237
444
614
594
314
217
132
294
495
675
180
457
256
448
420
353
315
81
486
331
58
371
203
96
301
315
446
84
94
465
161
171
153
276
432
352
540
549
465
108
279
309
332
133
238
144
64
370
119
185
707
310
398
338
136
377
331
95
108
146
368
69
279
285
352
465
296
249
398
272
124
358
231
352
277
135
496
615
226
292
693
220
306
528
577
148
307
54
232
633
244
144
338
307
250
369
221
121
152
531
533
223
221
217
471
421
739
575
284
470
282
76
177
590
712
235
299
425
316
210
299
525
617
395
374
503
403
297
237
276
129
155
109
447
439
256
267
253
455
389
252
400
219
330
413
204
184
337
319
547
428
517
644
688
525
235
124
404
136
242
549
366
177
263
279
209
301
387
90
487
244
148
451
48389
195
404
131
200
220
113
234
248
345
436
313
178
111
251
429
254
228
89
372
359
121
195
532
138
398
153
224
372
272
439
462
680
301
403
534
222
189
311
356
352
255
285
469
734
324
608
377
146
346
354
233
393
403
541
350
424
441
224
495
240
267
387
120
336
164
525
167
436
408
283
437
254
433
213
154
121
451
217
492
284
577
241
267
192
502
67
219
524
422
433
317
224
416
392
270
211
54
320
668
225
206
291
549
242
538
244
528
279
212
341
138
474
326
542
378
384
331
518
414
292
317
604
417
623
171
201
249
357
413
477
398
346
417
49
544
193
346
233
865
380
132
496
79
213
200
273
173
105
74
267
324
328
565
327
354
581
163
161
135
318
305
613
265
207
376
410
694
230
459
258
381
395
167
387
449
161
241
616
164
360
679
413
305
453
305
128
255
57
372
187
313
310
228
317
231
208
398
444
234
494
455
399
318
728
580
446
404
291
262
124
524
390
374
626
466
126
166
122
283
232
442
40
436
154
206
210
628
253
375
160
415
244
213
431
201
40
294
268
428
392
390
441
248
309
309
60
192
320
236
623
310
639
681
876
133
703
273
292
176
507
230
467
460
465
304
574
121
438
50
744
418
178
377
283
434
380
565
389
231
1129
378
228
404
551
284
1097
393
184
312
359
319
230
462
291
432
171
289
473
341
248
270
262
256
257
492
247
417
256
132
169
767
190
99
311
112
158
40
269
432
444
563
365
249
233
95
673
468
450
203
314
193
394
721
348
329
385
134
102
655
421
92
462
538
187
722
151
323
455
473
622
418
396
267
117
437
485
204
168
989
215
235
223
339
182
314
453
115
189
541
207
314
385
357
424
478
435
0
415
395
555
292
416
296
134
393
457
250
114
100
342
256
463
350
415
481
394
146
439
487
402
501
193
372
576
281
161
472
74
260
179
196
353
112
687
219
578
781
438
155
271
330
537
839
124
401
942
217
431
301
285
431
242
508
467
303
186
610
419
499
353
216
76
107
742
571
211
154
194
214
463
154
246
290
80
563
142
374
214
548
47
191
327
312
144
328
469
434
162
354
59
124
335
631
156
428
86
351
462
191
409
443
625
535
423
231
227
394
774
764
282
482
331
311
400
395
498
327
133
489
608
337
395
461
479
400
565
138
327
90
522
640
259
577
262
230
274
471
185
252
292
522
471
517
89
116
408
76
706
288
357
509
553
251
379
407
365
181
541
283
313
200
206
265
697
168
172
453
428
258
374
107
89
149
153
783
220
433
475
287
191
417
347
212
196
419
548
278
569
200
624
268
354
345
168
473
563
714
331
482
110
116
537
245
626
483
391
332
592
267
336
109
413
170
373
173
455
124
426
240
178
319
498
208
416
254
209
780
601
147
359
677
113
572
317
433
426
438
349
207
136
540
517
244
458
112
129
398
117
1990
327
555
139
188
390
546
471
286
265
411
237
470
276
347
725
454
190
356
109
257
362
659
503
297
301
269
68
789
320
402
257
360
471
214
495
222
381
274
125
434
418
441
220
341
191
281
340
344
596
453
381
531
490
490
261
285
452
249
466
314
497
389
308
728
314
157
257
0
459
305
584
424
278
383
319
193
73
182
216
405
147
118
329
129
520
306
337
180
254
224
313
137
539
401
487
506
250
314
252
259
389
447
508
318
193
206
335
510
254
116
364
199
453
258
365
299
330
504
75
485
424
229
576
159
619
374
196
287
66
91
379
287
195
135
264
618
341
261
254
272
144
177
379
387
512
309
613
106
356
364
428
170
344
188
508
359
228
238
273
141
392
524
241
338
287
361
478
517
577
491
175
583
687
442
398
543
505
922
227
500
522
565
258
395
165
269
460
83
162
248
572
347
510
328
263
396
227
93
511
197
83
63
207
339
212
363
295
304
301
175
253
342
565
282
288
481
299
169
179
102
196
224
608
432
491
298
300
226
249
230
920
334
288
87
145
473
213
320
292
95
449
326
211
388
165
409
184
143
192
242
846
170
68
358
241
89
381
539
155
360
329
252
476
436
348
548
191
347
530
166
403
214
187
758
182
447
193
568
135
180
370
182
328
294
350
378
223
328
581
467
183
366
163
535
548
210
153
90
715
742
85
321
167
210
179
549
467
230
295
214
607
292
388
549
309
361
563
459
123
69
425
265
337
492
441
364
260
199
157
432
306
215
465
413
660
359
310
421
231
832
559
216
39
119
340
471
231
313
523
449
115
51
467
232
443
480
68
344
397
326
286
365
590
192
381
230
290
280
652
199
505
433
189
248
227
182
294
510
318
208
274
337
360
357
614
435
111
355
169
525
602
193
289
144
410
519
208
399
267
426
213
286
233
375
245
546
197
154
222
354
348
250
216
210
395
259
512
263
71
88
303
215
344
326
279
514
330
247
430
327
414
212
466
425
344
362
214
79
460
529
176
417
397
139
254
332
320
424
144
379
164
469
370
277
327
183
288
235
256
521
236
483
401
770
335
74
634
84
302
273
216
620
139
339
193
167
249
193
359
479
280
390
127
256
476
235
160
312
248
509
384
632
440
250
366
375
310
134
101
248
496
84
107
348
597
230
434
197
69
423
224
566
488
131
421
304
292
379
388
218
605
324
463
225
424
236
315
533
385
588
529
575
512
183
239
170
319
632
339
279
355
356
164
317
485
272
470
100
325
206
238
407
631
403
243
299
266
261
744
104
683
195
248
405
279
616
121
395
331
472
292
230
257
812
448
169
307
714
231
173
287
508
482
197
89
154
214
179
524
361
426
105
406
570
199
148
309
341
650
292
56
341
499
98
180
197
440
364
339
393
622
317
345
555
323
229
473
540
306
137
258
564
397
584
66
186
250
249
389
292
254
191
541
89
214
304
391
456
171
703
171
168
365
454
378
287
158
312
367
374
369
149
144
473
108
360
108
287
268
254
147
222
55
429
82
145
230
457
295
138
516
601
158
387
194
171
48
443
0
499
399
467
118
314
405
123
213
212
114
534
159
459
419
427
617
451
285
482
226
356
325
94
424
468
298
135
187
235
387
281
791
167
314
347
303
250
332
559
457
173
381
566
235
274
310
417
394
540
355
641
475
171
246
215
357
260
273
454
416
419
140
321
307
601
485
292
194
319
335
301
185
460
135
109
296
491
323
448
128
713
105
190
579
216
178
236
461
158
415
221
493
161
483
98
311
818
144
534
478
521
612
415
111
332
273
383
416
302
67
853
104
472
210
401
511
422
386
701
168
570
413
556
303
107
540
171
413
147
78
127
254
409
511
493
498
502
270
75
345
457
107
304
277
225
85
214
280
569
344
504
48
363
453
539
249
358
350
545
465
135
202
125
351
434
277
439
185
142
1053
150
506
222
330
322
477
365
128
115
286
139
345
276
363
56
142
539
214
397
642
632
232
478
269
401
257
657
60
238
336
462
363
355
400
853
332
112
377
455
137
458
164
123
298
198
134
237
354
252
331
187
191
516
142
588
466
246
202
190
200
360
363
238
443
287
469
0
508
223
440
477
301
351
219
464
519
255
213
463
410
460
498
180
151
87
503
485
267
467
225
429
209
625
356
464
1069
166
194
388
323
139
178
323
251
187
246
304
302
278
651
379
190
103
387
107
525
204
204
448
232
381
229
468
457
154
587
381
596
821
195
380
435
284
363
137
337
137
513
81
152
73
386
363
101
420
454
326
152
346
465
368
192
315
208
377
303
314
439
455
380
412
200
595
383
192
1116
441
120
193
263
740
52
89
500
149
225
356
487
146
290
62
340
298
360
34
422
114
125
326
538
424
96
174
112
275
303
218
470
575
489
351
432
201
196
220
396
173
130
108
554
300
191
145
253
398
0
273
523
247
456
172
168
170
302
235
67
169
549
153
350
201
446
557
228
162
659
453
337
459
108
209
238
311
329
42
425
248
395
260
566
429
251
124
442
339
173
415
469
401
368
312
444
188
264
310
223
321
194
829
225
272
404
335
228
428
401
413
364
614
331
516
483
359
360
413
257
370
165
446
314
274
288
568
196
151
138
61
432
235
605
560
400
564
225
404
423
624
531
387
434
363
487
412
365
564
394
309
481
369
776
296
2072
200
403
471
247
378
574
188
456
512
553
275
139
179
337
400
308
530
236
201
684
399
615
231
472
345
105
94
940
607
211
166
408
195
344
1453
127
179
399
262
255
274
230
243
370
327
130
356
300
317
198
283
402
371
858
735
234
495
500
212
306
248
903
635
186
252
437
448
154
408
421
400
268
153
446
169
345
55
314
117
542
317
630
132
115
327
292
435
404
329
248
161
207
557
741
513
432
175
173
179
383
464
264
109
345
432
256
459
244
247
181
323
306
716
261
308
278
272
472
93
419
436
150
166
352
174
456
545
214
456
232
421
64
317
292
546
404
113
534
430
341
246
264
546
193
327
158
261
283
104
141
274
457
216
238
171
256
290
454
393
178
833
268
451
133
200
564
196
229
213
112
670
151
427
383
374
474
222
254
346
259
510
375
616
81
680
516
615
252
261
517
667
266
332
514
437
427
675
154
464
255
302
183
210
468
229
651
200
120
269
266
502
481
396
133
263
208
233
282
985
232
2486
486
234
413
456
107
384
477
436
188
406
166
511
557
372
628
150
492
315
476
338
431
491
468
203
456
493
526
164
495
330
319
357
243
213
263
370
525
241
217
184
372
218
300
486
121
189
474
365
623
432
78
162
363
439
467
437
201
548
197
336
205
255
81
214
181
175
263
468
410
179
406
92
351
275
953
247
314
115
248
92
310
450
294
471
436
507
549
259
291
250
292
124
566
199
391
192
145
436
115
423
474
349
532
292
119
496
157
316
526
492
165
325
205
685
191
422
316
501
441
246
104
359
433
154
469
596
202
398
471
389
196
520
27
531
384
297
288
380
126
578
416
241
342
658
0
184
356
409
131
454
307
277
544
469
172
554
160
212
259
171
234
377
134
159
382
444
360
467
437
150
236
341
420
430
353
609
374
359
793
356
480
318
427
163
62
156
161
171
414
396
125
671
188
151
630
260
362
202
486
323
139
204
156
325
508
193
436
122
376
98
187
114
190
360
335
502
322
239
111
404
428
168
363
381
419
244
323
179
300
127
138
298
186
584
408
218
409
177
248
527
227
393
407
382
298
117
230
498
261
400
206
235
210
108
181
79
92
853
149
267
300
414
336
287
364
256
345
474
134
379
392
187
373
254
259
449
69
127
423
201
317
357
67
374
158
600
267
157
96
305
335
59
599
212
355
288
71
326
554
481
286
276
156
283
305
272
291
80
634
174
676
218
159
119
233
277
145
737
316
333
78
174
293
375
148
419
486
374
448
371
193
340
429
540
506
234
126
278
343
569
376
525
267
190
237
319
543
761
408
637
338
54
390
155
350
614
427
476
1019
368
639
149
317
439
457
649
172
194
575
477
291
617
458
327
631
317
378
144
248
688
182
368
81
217
415
335
356
350
47
179
289
440
214
426
428
372
224
153
493
681
474
195
0
284
264
463
352
132
201
83
170
120
166
247
229
322
353
254
143
192
233
640
468
589
239
282
567
474
311
516
505
226
661
355
286
230
364
79
268
588
214
284
256
282
18
330
341
506
291
143
377
264
303
445
385
225
318
384
77
307
605
466
289
507
275
647
307
54
587
294
103
252
584
467
319
518
214
460
428
587
496
177
544
434
224
332
536
453
234
466
232
447
292
359
591
350
233
117
388
174
226
288
207
179
254
285
282
339
393
368
434
98
235
322
310
175
276
513
382
132
265
282
370
419
137
532
590
557
578
340
222
1188
407
416
61
489
274
160
362
226
298
311
118
216
203
199
95
215
63
465
205
412
303
287
389
448
164
548
442
328
298
315
519
384
351
138
628
161
102
122
324
355
479
493
365
252
564
381
397
328
607
361
426
76
354
532
483
218
99
486
447
148
361
288
46
402
419
425
417
137
415
181
422
266
353
312
133
439
419
263
500
224
348
726
136
495
223
449
556
294
134
636
452
414
201
171
539
232
328
277
405
371
250
416
208
91
248
276
287
525
322
277
260
383
313
128
408
547
582
0
204
502
712
524
414
673
385
288
681
280
136
85
414
532
383
192
386
125
414
76
363
554
110
209
447
169
109
0
201
166
297
306
128
207
397
429
484
255
324
510
305
581
373
340
585
288
127
193
374
611
96
252
407
413
164
364
414
473
0
87
436
223
281
282
232
67
596
102
204
465
299
264
245
518
297
453
366
225
125
273
163
340
507
346
200
460
208
485
164
476
543
445
104
129
331
425
114
81
426
88
390
453
380
213
95
411
151
455
183
541
259
489
274
361
302
292
237
167
537
193
291
189
324
334
347
460
417
181
399
454
429
250
362
139
423
320
185
426
600
90
532
248
335
585
549
358
89
154
449
600
549
218
556
367
392
111
304
684
286
606
207
434
562
415
334
328
717
166
434
373
441
465
183
310
491
215
104
238
162
486
494
510
411
372
654
561
298
300
370
235
147
610
252
500
492
653
138
109
498
335
312
535
350
413
249
504
182
511
279
273
297
611
477
46
146
393
318
889
225
223
143
192
156
209
236
184
429
403
223
92
298
163
154
318
379
476
241
429
555
435
364
509
255
411
233
122
103
170
385
493
225
237
204
309
586
420
193
292
333
222
336
128
224
399
285
146
163
170
287
402
258
275
452
215
467
206
301
368
170
505
447
153
411
76
376
193
613
336
469
413
640
299
277
329
115
62
241
676
435
275
523
511
257
475
170
168
178
100
189
427
1767
300
369
283
376
73
428
154
236
375
374
391
143
677
271
525
304
573
211
576
170
481
278
551
542
494
521
410
230
85
162
200
329
243
156
362
586
193
58
480
371
148
505
73
276
246
577
398
116
173
420
272
167
249
197
354
122
414
597
132
547
286
474
151
240
157
204
231
402
479
407
122
491
217
97
415
351
502
222
214
251
328
120
325
245
306
388
406
374
359
290
276
223
195
201
185
264
230
387
265
425
334
588
264
211
374
370
399
566
293
291
737
315
125
505
62
265
142
35
574
225
372
231
372
106
474
313
147
119
472
609
260
375
559
154
719
517
271
308
84
349
311
652
239
296
295
279
160
580
384
306
105
477
85
329
316
237
410
430
229
177
318
356
119
129
371
735
476
235
187
301
210
79
230
308
537
155
318
399
340
285
513
833
174
135
412
179
898
410
442
263
166
355
135
485
248
135
200
124
507
296
201
98
815
279
340
354
67
166
264
417
786
241
170
460
328
184
342
194
594
282
160
356
363
207
41
381
610
345
269
400
304
172
117
512
586
247
397
423
373
366
466
517
192
426
447
136
513
282
99
347
422
177
330
200
426
326
510
327
158
204
292
469
319
158
449
442
434
502
367
157
575
162
379
252
266
139
403
134
515
94
366
446
88
496
350
156
199
117
405
576
490
231
212
488
70
232
464
269
350
281
649
206
506
120
754
342
394
217
356
176
565
175
254
303
233
353
381
97
153
607
134
281
222
436
399
259
525
64
342
450
237
351
411
386
127
244
386
205
410
346
461
267
223
236
269
317
343
217
123
449
701
415
317
282
560
454
117
367
364
179
133
435
486
438
674
194
224
324
398
492
318
646
297
225
295
240
60
652
648
355
499
221
480
206
488
226
461
367
185
437
525
429
282
288
390
238
331
388
399
464
483
91
239
467
331
392
288
679
144
121
345
572
351
199
443
222
347
449
451
461
437
500
190
354
198
117
388
331
267
387
77
299
277
416
585
131
311
219
304
431
376
204
377
131
614
175
122
461
546
459
542
335
274
147
398
594
354
165
274
308
337
121
426
165
439
246
543
73
487
214
339
254
253
219
465
392
416
63
392
102
219
129
143
246
499
328
357
538
203
517
209
463
117
364
629
248
365
372
399
309
243
175
459
459
68
849
341
76
197
254
427
357
240
425
576
191
382
554
352
383
77
288
608
253
197
238
411
158
297
107
325
532
355
263
728
430
268
77
557
607
187
456
455
330
79
140
179
451
274
529
447
215
145
256
314
160
51
136
278
209
604
69
183
300
372
163
238
158
404
356
273
431
269
401
415
377
388
246
189
209
56
265
102
447
382
233
29
615
349
147
133
141
351
231
106
369
210
299
595
481
435
676
322
52
348
373
324
469
506
371
377
406
685
164
381
136
131
455
456
443
439
165
123
283
525
91
521
537
458
81
421
323
468
244
187
225
304
223
347
611
387
234
470
280
184
443
154
319
107
312
344
347
162
449
134
360
76
126
355
102
398
163
173
213
208
277
534
383
423
158
294
537
273
444
289
625
300
309
173
201
107
702
458
265
402
541
397
406
393
439
315
404
529
467
122
700
406
131
301
346
211
411
544
783
114
399
223
436
202
475
407
481
586
286
248
271
156
548
123
609
156
496
410
431
351
372
504
273
430
216
386
433
299
527
536
825
164
587
401
693
238
537
413
39
445
431
371
98
405
343
467
268
620
315
247
420
426
492
344
167
158
430
539
427
447
339
397
247
336
244
570
502
214
446
141
100
271
475
472
215
560
213
357
211
349
171
218
327
113
508
287
362
358
128
486
184
342
364
505
161
188
337
189
96
254
350
355
335
191
196
190
381
463
347
533
265
153
175
276
196
437
141
240
82
301
435
71
268
303
451
231
329
349
171
97
313
351
313
217
416
188
294
201
301
309
405
522
617
151
402
127
334
325
309
109
374
379
402
162
463
188
240
524
258
289
355
382
401
226
43
186
505
756
113
564
350
387
536
312
414
249
414
228
91
297
527
604
386
469
149
475
508
337
243
0
246
51
96
252
103
423
413
211
246
75
275
273
274
106
54
325
277
466
413
186
336
373
101
478
368
106
624
178
474
417
266
131
234
195
692
463
323
291
125
585
407
450
403
199
239
392
665
431
399
191
465
621
599
713
471
370
140
398
102
425
309
481
172
537
612
368
108
400
237
192
364
478
366
276
404
534
163
516
209
182
243
430
382
159
467
139
233
134
212
278
211
315
512
400
330
412
331
132
96
78
417
294
618
198
701
299
364
340
341
378
286
408
600
154
389
629
131
446
338
168
222
490
673
319
300
303
668
91
376
509
105
230
381
94
145
207
307
517
210
610
806
467
826
0
79
524
551
276
0
153
518
364
176
303
334
514
230
197
317
275
384
802
318
406
238
478
344
479
610
225
358
531
183
401
121
38
414
285
322
466
513
473
262
349
173
252
258
308
457
73
550
258
158
617
344
111
323
518
486
112
710
255
502
307
281
394
173
254
232
202
499
510
208
405
390
277
116
888
182
182
377
615
329
375
321
574
170
290
211
462
420
419
175
382
358
175
474
488
175
491
492
338
165
131
433
553
590
173
466
259
293
231
75
264
441
309
200
295
293
246
171
467
156
124
334
119
255
387
426
323
636
343
184
254
242
533
263
92
274
253
344
542
523
617
316
95
345
338
337
352
481
226
365
563
162
222
273
513
620
524
111
281
271
557
233
258
122
139
316
358
309
223
129
273
206
184
374
454
557
636
389
97
420
511
273
520
303
227
484
254
234
416
224
150
83
260
413
600
491
546
420
237
101
485
114
433
363
250
340
275
339
90
729
238
337
229
168
552
320
124
545
310
253
295
267
257
374
346
448
291
411
295
198
474
230
274
239
331
305
296
180
201
547
444
450
409
262
354
381
93
127
421
317
323
241
594
283
187
548
379
252
319
439
362
513
228
207
249
489
585
393
381
104
293
492
271
299
537
206
359
341
186
619
595
346
283
152
639
360
260
795
364
254
132
462
264
226
240
346
428
285
409
228
353
222
415
217
314
118
362
147
504
664
231
195
444
133
366
317
468
198
303
587
506
599
238
120
183
457
121
338
316
355
477
475
188
725
375
398
230
338
340
99
497
488
184
342
120
237
351
369
254
329
142
141
289
666
519
534
300
209
270
452
102
321
574
348
336
270
338
359
598
382
198
418
343
429
193
541
406
306
336
441
130
357
85
141
250
464
333
304
96
475
158
185
235
391
308
241
80
631
405
100
154
457
148
213
586
152
512
437
343
245
129
121
277
319
159
614
507
246
138
383
164
168
347
143
739
505
306
435
583
212
667
1155
519
514
313
470
387
213
447
165
311
316
471
140
418
125
335
465
185
569
444
114
321
577
368
499
217
106
179
774
166
218
91
521
275
402
132
282
0
364
503
611
192
212
568
435
467
161
424
222
190
551
366
150
324
457
416
480
328
419
262
527
178
344
410
392
166
431
445
342
235
138
99
78
557
295
137
531
2954
214
205
177
534
154
152
156
379
260
661
513
345
335
165
100
488
655
390
497
503
603
276
371
458
139
344
130
167
303
656
425
491
79
515
151
294
410
386
145
426
401
367
183
374
397
556
193
204
403
366
1486
114
672
210
362
528
534
113
389
149
394
594
167
358
483
385
216
441
630
196
308
421
518
222
223
302
172
237
479
394
0
149
274
102
495
440
287
261
399
729
280
252
166
134
293
416
229
386
397
584
232
379
264
696
231
282
235
438
385
454
430
114
332
653
457
360
289
161
335
158
362
146
317
563
184
414
206
579
300
277
502
395
411
820
214
354
204
274
242
532
202
181
325
223
313
352
219
438
352
570
445
468
97
158
143
347
210
348
366
308
341
234
338
490
425
278
376
291
269
392
242
255
667
378
78
448
415
364
638
169
198
123
301
192
505
672
390
460
572
545
289
572
231
451
386
536
181
237
452
881
310
286
429
180
355
355
322
273
286
194
601
459
131
106
551
292
309
127
219
180
77
257
128
379
189
331
521
248
542
327
121
547
387
118
446
414
306
204
149
371
345
265
281
334
146
244
363
187
289
129
126
281
87
77
193
485
116
336
136
399
677
415
338
286
208
566
498
438
398
185
631
353
231
277
488
361
347
339
275
128
162
430
299
250
682
292
282
853
164
306
263
128
62
383
672
384
376
172
550
279
240
584
142
227
140
500
209
533
1060
197
263
143
364
322
364
154
254
358
406
221
621
168
504
261
543
198
576
92
564
344
204
308
146
161
466
351
529
389
211
365
340
448
301
1174
287
191
455
310
194
454
142
228
328
289
329
159
232
278
549
183
464
430
240
198
469
449
343
76
155
146
245
557
178
307
263
580
323
200
150
622
360
143
290
336
168
141
413
489
327
389
475
86
735
114
147
174
446
653
489
405
210
362
328
334
265
201
353
198
279
543
202
420
366
179
308
217
99
657
189
155
372
470
122
367
380
98
473
509
92
166
479
307
214
109
786
206
414
190
375
398
178
189
377
399
125
604
409
318
756
395
637
234
363
370
174
407
468
125
225
757
301
320
54
330
733
119
2194
183
860
668
670
182
558
394
366
161
96
481
310
413
527
431
194
187
55
477
262
297
393
520
235
67
336
297
632
443
346
0
385
173
214
148
796
449
144
63
424
456
550
231
332
309
317
549
231
754
136
354
273
130
239
130
175
323
279
163
550
323
322
407
155
314
388
838
152
284
321
254
139
157
466
392
307
232
192
374
171
827
79
140
404
327
93
594
79
216
335
310
305
559
164
211
308
408
199
398
240
290
238
281
56
213
495
342
220
162
139
109
62
468
473
174
239
134
468
246
329
527
375
654
396
312
341
239
135
183
252
277
207
384
201
597
137
406
312
335
308
103
519
217
608
242
379
133
168
344
359
211
112
518
370
167
342
413
240
231
463
136
419
254
107
477
375
332
271
482
240
431
404
413
177
333
285
288
360
335
260
536
440
174
254
403
367
267
196
109
598
466
657
295
78
273
291
309
548
174
456
475
246
616
141
207
560
327
468
554
505
241
458
281
191
240
395
515
365
99
361
464
120
121
490
385
582
710
451
189
293
253
328
379
142
368
515
332
340
534
0
226
164
420
429
726
476
127
322
358
451
391
48
459
237
304
368
313
186
183
472
163
445
64
301
159
516
334
580
549
93
456
244
261
159
283
204
283
308
559
42
337
238
281
247
277
494
482
362
165
174
205
253
170
174
368
494
574
538
380
460
328
677
445
106
502
130
314
530
526
223
310
294
367
2115
201
156
388
422
121
115
80
112
344
370
674
361
518
282
176
294
386
339
358
437
481
269
233
565
511
309
508
310
469
582
424
488
316
79
170
324
512
131
520
111
479
503
206
174
387
304
182
492
474
327
155
507
279
409
325
223
441
622
513
130
351
237
493
380
161
88
308
542
277
444
465
222
733
320
255
287
340
375
529
207
272
565
348
354
436
623
308
146
266
331
504
91
500
349
474
457
67
257
437
350
469
325
306
182
246
73
721
259
198
434
593
542
130
593
168
542
187
377
193
289
308
158
414
134
113
155
242
72
390
268
256
361
404
310
450
547
574
128
354
278
347
340
112
574
121
236
421
559
574
260
585
326
361
146
283
180
501
438
155
379
271
487
94
447
337
435
308
202
502
136
63
323
121
2972
317
477
528
422
415
495
517
449
453
270
226
376
141
315
278
150
249
378
370
396
139
102
158
292
509
380
174
519
364
522
246
108
477
96
358
432
298
414
429
273
363
259
455
126
461
296
89
486
524
716
274
377
215
496
460
456
20
284
467
377
640
259
244
358
278
542
424
473
366
176
440
577
537
275
154
67
468
388
467
257
505
343
646
398
334
282
0
695
132
305
424
305
108
208
235
265
353
74
408
570
204
373
753
102
683
503
582
182
316
511
381
178
426
154
252
109
96
150
128
297
140
275
664
343
433
102
172
364
462
487
416
263
498
451
270
116
181
298
101
659
271
224
319
233
622
706
488
381
313
323
485
480
322
551
507
203
247
581
95
400
134
541
111
676
440
673
498
100
188
262
256
99
443
568
185
294
431
572
384
312
514
504
361
448
173
348
284
408
424
495
379
392
460
452
288
378
637
198
608
56
108
207
284
451
136
343
407
502
360
219
382
293
228
591
295
604
186
205
389
492
147
261
613
516
250
119
323
304
238
568
193
781
322
591
178
369
235
759
275
420
537
167
526
102
279
118
358
305
287
526
301
230
387
380
466
293
382
263
957
457
469
556
177
620
151
162
335
530
406
491
246
337
464
432
383
400
375
388
232
0
250
276
296
632
437
323
627
228
495
328
367
369
311
246
389
456
673
357
140
434
382
490
290
503
541
353
519
170
304
536
470
353
307
92
155
359
269
239
230
193
417
560
161
149
519
318
208
333
227
273
327
363
435
339
360
492
117
152
361
469
337
351
0
295
498
106
483
261
328
508
534
140
108
87
396
388
363
1445
308
243
396
345
310
266
409
889
897
236
409
483
108
381
330
205
320
142
488
481
331
697
107
272
329
186
419
638
316
75
435
446
397
201
259
315
398
502
422
437
337
661
993
114
333
368
187
639
415
438
508
538
538
208
416
72
416
503
125
187
311
378
419
446
653
356
516
319
295
410
336
220
215
221
396
402
321
188
294
167
737
314
364
241
202
515
316
382
266
425
353
403
379
628
493
138
138
464
455
435
117
333
220
529
351
101
378
209
470
211
504
154
88
449
615
287
357
240
168
397
97
521
341
519
341
206
248
436
343
633
416
220
198
259
87
395
167
229
230
58
87
161
297
486
371
116
300
431
279
465
326
405
501
453
356
207
177
144
158
396
467
387
476
266
60
222
213
223
127
184
118
355
412
185
565
395
638
251
256
290
421
201
261
2504
507
181
475
199
179
411
316
113
363
205
317
344
169
381
192
493
152
238
480
76
175
405
552
337
